300
0 151
1 213
2 111
3 65
4 11
5 157
6 50
7 44
8 184
9 153
10 127
11 9
12 123
13 59
14 67
15 39
16 195
17 214
18 161
19 30
20 199
21 161
22 226
23 203
24 167
25 37
26 30
27 5
28 69
29 74
30 193
31 65
32 31
33 106
34 219
35 25
36 181
37 229
38 66
39 112
40 87
41 21
42 80
43 135
44 158
45 200
46 170
47 183
48 34
49 73
50 72
51 145
52 157
53 32
54 229
55 220
56 72
57 80
58 72
59 176
60 46
61 21
62 36
63 97
64 238
65 86
66 8
67 145
68 13
69 190
70 239
71 132
72 48
73 214
74 74
75 207
76 164
77 67
78 142
79 90
80 53
81 120
82 194
83 112
84 130
85 134
86 123
87 160
88 236
89 152
90 34
91 70
92 124
93 8
94 202
95 211
96 104
97 59
98 168
99 247
100 51
101 124
102 69
103 143
104 163
105 234
106 10
107 233
108 146
109 62
110 167
111 160
112 178
113 139
114 20
115 44
116 132
117 57
118 14
119 13
120 178
121 100
122 140
123 114
124 208
125 237
126 90
127 65
128 135
129 111
130 14
131 135
132 227
133 17
134 80
135 18
136 228
137 84
138 109
139 131
140 65
141 115
142 150
143 216
144 56
145 164
146 155
147 198
148 246
149 209
150 244
151 19
152 250
153 5
154 250
155 202
156 45
157 87
158 82
159 170
160 90
161 56
162 132
163 91
164 209
165 209
166 197
167 69
168 246
169 78
170 176
171 168
172 127
173 78
174 20
175 124
176 16
177 166
178 178
179 199
180 230
181 4
182 24
183 175
184 157
185 36
186 58
187 232
188 19
189 117
190 109
191 231
192 70
193 143
194 179
195 115
196 216
197 154
198 144
199 34
200 158
201 170
202 121
203 26
204 128
205 244
206 134
207 39
208 219
209 173
210 131
211 105
212 102
213 173
214 7
215 223
216 113
217 189
218 109
219 127
220 228
221 35
222 178
223 248
224 56
225 26
226 7
227 180
228 248
229 89
230 20
231 169
232 125
233 19
234 88
235 143
236 13
237 179
238 181
239 135
240 17
241 133
242 166
243 69
244 212
245 178
246 106
247 95
248 189
249 183
250 250
251 162
252 220
253 134
254 145
255 115
256 140
257 187
258 231
259 236
260 182
261 223
262 100
263 215
264 206
265 28
266 211
267 49
268 74
269 219
270 147
271 127
272 183
273 139
274 95
275 72
276 231
277 183
278 89
279 238
280 39
281 218
282 169
283 15
284 213
285 114
286 203
287 56
288 180
289 104
290 214
291 72
292 30
293 120
294 223
295 78
296 233
297 230
298 184
299 122
404
92 199
207 55
223 107
104 48
116 5
207 9
169 280
248 247
230 9
11 268
44 275
116 226
77 21
28 162
20 92
267 28
97 38
20 188
294 114
4 268
120 210
177 124
3 225
272 177
208 271
265 103
165 297
212 217
52 173
219 99
180 109
24 19
87 122
152 272
11 170
14 245
13 6
18 104
75 279
26 74
201 152
73 206
169 262
164 82
182 181
153 139
146 297
211 84
204 96
246 90
105 149
239 83
125 136
213 89
111 50
40 184
97 257
216 186
141 0
231 240
184 182
241 71
215 269
291 40
197 274
5 245
13 140
105 202
178 199
85 290
200 257
246 211
119 218
142 172
69 85
31 5
285 179
148 294
83 208
280 17
99 17
207 3
90 131
172 22
56 151
142 255
181 7
185 241
46 280
172 195
160 192
10 135
218 217
5 57
227 88
296 218
46 115
298 103
252 187
154 241
10 191
79 199
254 265
176 250
150 99
19 124
111 273
103 24
200 266
247 273
260 5
55 53
8 169
94 57
201 176
122 189
194 79
69 99
151 227
9 207
185 24
190 180
128 103
49 30
35 34
71 134
113 145
202 241
213 232
156 162
233 70
223 231
145 245
84 13
182 136
172 181
168 222
71 95
62 51
146 154
283 62
223 89
86 212
154 57
205 227
229 76
290 4
270 153
252 213
247 94
197 241
113 186
3 78
58 46
293 240
239 233
129 16
182 232
135 186
283 90
186 230
216 68
266 226
90 160
38 208
0 8
277 248
248 57
55 279
194 268
242 188
280 217
207 214
137 55
132 162
268 280
126 292
95 239
220 256
160 90
98 233
229 21
266 118
17 37
128 78
198 123
25 259
104 11
239 163
139 29
130 102
175 188
146 272
28 231
196 295
99 164
21 36
54 205
93 69
298 225
177 14
7 87
249 179
101 287
224 110
63 94
229 64
87 125
265 129
283 169
67 211
79 273
63 182
190 204
172 0
66 157
47 204
21 109
284 274
85 218
71 154
255 167
15 248
144 268
230 214
286 73
118 238
216 193
139 46
122 148
263 28
251 250
169 89
33 233
96 106
15 246
61 288
269 95
207 174
260 147
237 18
25 168
18 127
272 235
279 90
275 0
215 167
299 205
85 34
75 95
66 233
43 1
157 156
270 104
267 136
199 238
60 294
54 147
274 121
277 83
228 267
69 272
172 233
3 158
120 187
166 74
134 136
1 0
90 245
88 296
181 90
168 118
127 157
25 104
149 38
209 44
175 23
61 86
27 173
289 76
79 7
295 62
128 164
150 22
81 174
249 209
103 191
19 209
69 228
77 299
124 54
186 245
58 38
158 241
242 20
190 177
63 281
62 196
54 124
271 97
217 237
111 116
181 109
44 73
94 207
129 296
74 11
221 296
212 102
37 259
199 157
136 91
51 125
48 271
218 263
280 11
270 225
68 37
250 279
205 29
243 152
44 229
129 222
139 94
50 72
203 168
135 229
2 28
268 234
115 188
262 192
168 58
277 297
0 116
274 113
286 64
249 132
217 276
254 117
151 202
282 156
299 235
211 147
203 55
149 123
174 55
142 13
151 201
276 41
155 225
73 61
58 210
8 152
164 223
179 172
100 57
123 48
161 147
182 262
79 217
45 136
139 38
2 56
1 231
168 173
90 37
262 278
259 222
72 260
96 158
215 197
277 235
139 89
87 281
180 10
102 40
11 257
127 39
64 136
274 190
277 142
272 103
288 236
209 23
42 172
32 206
52 13
98 104
265 228
13 98
218 125
177 80
31 273
135 24
62 282
36 79
166 260
96 12
34 137
161 21
101 76
233 50
172 198
56 258